Tanvir=0 0.309253 0.538240 0.064935 0.141414
Faisal=7 0.398133 0.666667 0.094968 0.268398
Toufiq=3 0.455763 0.520202 0.038149 0.076479
Mufrad=6 0.538555 0.538240 0.034903 0.072150
Anik=2 0.566558 0.682540 0.084416 0.271284
Imran=4 0.632305 0.549784 0.042208 0.092352
Emon=5 0.694805 0.586580 0.060065 0.125541